9781225139867
9780615035499
9791929200435
9795781938529
9780447792485
9798611019313
9780140774436
9784096664766
9787089539713
9799710418496
9783717522324
9781867821175
9786303111247
9783388223766
9783337001452
9793960939022
9794456441609
9794348746782
9790398985690
9792007844435
9790433246892
9790014346379
9784523607632
9795247826841
9787165164983
9795765917519
9798912133985
9797606725956
9799509133982
9788391588765
9790038252984
9781496164018
9782010347658
9783791214443
9790936228746
9780575395084
9792167076974
9792278073688
9781222284867
9791984326958
9783709564653
9782347411053
9794350537859
9793521274265
9781571892447
9789584992307
9784959118450
9794310843808
9780866008808
9789415886799
9791500087073
9788971461167
9793439967334
9799119153394
9799745852777
9790266452538
9780846338475
9789738541917
9792398964675
9788874567270
9787250095895
9786607598928
9797811995984
9797168141690
9795389542654
9787089622040
9780754250258
9783053318834
9797280617219
9782273514828
9782615564443
9782262531065
9798267351461
9786127567947
9782447967320
9780444919014
9791958967873
9790738221808
9790803298995
9780245781742
9795694172034
9789202998247
9784595665325
9785682536436
9793573928550
9798644492299
9789660739499
9796751590396
9783132122949
9787512938496
9780295123523
9789624601169
9796013567999
9792682208621
9784643448597
9795503487144
9780330312424
9786767368027
9790385005769
9799379145528
9788834956649
9782251690469
9798329235630
9786515207370
9788045993266
9784001503074
9795010541704
9794601974303
9780328148189
9781058755951
9795864065364
9796242209707
9793516057231
9790539911274
9780096115819
9788122994230
9796188457873
9789899502017
9787392661309
9785229242417
9796072748421
9782108862452
9780346644526
9796274658993
9797293873879
9797995949513
9791196781125
9787381410673
9795013140881
9791736023944
9791763625524
9786198022444
9790916765759
9782024840640
9791283637311
9793818083693
9794493354290
9799990524399
9796614686952
9796857748462
9793681376649
9782057890810
9786849149889
9780508951349
9793994146205
9793909078782
9793032749962
9798595070270
9786336892489
9799868019590
9788495147882
9787743359879
9790501689286
9786551274176
9794195913528
9792211760651
9786238748730
9798103500565
9780223336056
9791545641056
9793128527078
9795968377813
9794616273071
9790833495678
9780880173568
9799437871918
9789186525460
9783359965565
9789825731122
9790852196662
9789386094070
9781822132544
9783805377256
9782470505223
9785786666114
9780132950367
9798073590139
9782095560058
9796854268772
9797496547188
9780983854678
9782270610820
9791731452183
9797750735474
9792605253691
9795249713781
9782322829194
9783574151217
9789341547207
9785814627698
9783791872872
9791521054061
9781150564581
9796598329647
9795832417126
9789388538473
9792109559947
9794065992004
9793935304718
9782281032758
9783120536130
9790539928913
9786681559716
9789660405752
9784219161820
9789845866415
9790103643730
9799306449798
9798322948315
9794211635403
9784481015623
9792021153551
9792956967674
9782828966980
9791306805628
9797385308913
9782729715090
9797091999351
9798149387878
9791142598197
9788779501997
9788516605025
9797583816722
9790763378249
9791315057469
9793879416768
9787408943535
9789878949154
9790101653748
9788599732601
9796396937839
9789069991399
9790483748971
9783128631042
9780311317660
9788239642321
9788757392197
9782432038455
9799953572368
9787420359895
9786560927940
9782934174033
9787046409929
9782565686752
9792914931563
9789794228012
9791443192766
9792771579717
9797299736024
9798491820276
9793131608566
9785543766842
9788316978985
9797939793035
9791734211725
9782420862857
9797617071783
9784813565147
9786987225926
9780921339083
9783167686867
9788011084875
9784580030985
9786962782666
9783807699400
9799002109477
9797998574033
9790457555307
9788426199508
9792752335271
9786986725021
9793019101912
9795668531430
9794067107277
9792684066847
9791168424685
9795369687955
9790960533199
9783204688182
9787052927752
9782091629841
9796467681678
9795850685033
9783339920171
9784303237196
9781599180922
9786168487631
9788164038275
9785632285391
9793659351616
9794546077565
9790806396735
9795369313090
9788402177704
9793957762114
9791295947286
9780127895543
9794882676521
9792122534990
9798730336643
9795835678821
9786233843140
9796999535920
9782828349820
9792508982278
9799903424082
9791157097227
9790754763085
9796417335835
9797481041585
9793185610362
9789383026111
9797903018706
9780720765212
9794396147739
9780587326960
9782402713603
9792128535410
9791262557470
9793491267663
9796388630137
9794672953832
9792196446243
9784080387176
9793012784990
9796607802468
9792406478958
9781128716004
9792601101316
9795279332976
9789432831666
9787159080480
9789984373447
9797210142552
9791280778437
9785244670035
9797620256498
9784387361886
9796827361035
9794340537029
9783882942026
9786863106295
9787199025212
9782387145789
9792069250564
9783812956178
9791620738640
9797170278247
9790846833313
9786725626725
9796471932582
9793495938491
9781182380371
9786360845000
9786772947569
9792930548257
9787679641628
9798648922440
9791612694855
9789478919908
9799534108306
9784146318533
9780919436312
9781485453307
9796824602315
9790077622984
9781083798299
9799602703815
9795628099123
9798788094069
9787409894706
9789231978173
9796258126708
9788433312716
9785152739169
9793919165755
9791692524233
9782950400703
9785469882619
9799949299224
9781601935298
9792350906729
9786780903267
9785196737855
9788584572076
9785805706838
9798033361403
9784024692700
9780761067771
9784579373888
9790452661454
9795497394497
9793108914300
9789383648771
9787850742250
9797543451154
9787398924194
9782165538369
9785419777767
9796569361607
9790665014887
9787560972695
9784198562434
9788954880947
9798574570616
9782579133914
9780223857391
9784911557334
9792620193200
9786402361307
9786760010268
9781768188070
9795535162903
9784434640704
9785059705236
9795754191364
9797957147827
9782473119373
9781141358038
9795809149395
9780621511857
9798439254408
9799747239514
9786146884223
9790158045268
9783672173807
9798444360088
9795430549960
9785281886802
9790868306253
9784471614478
9791740155396
9785776930751
9799024395933
9787090723408
9788390125312
9780386176537
9797411489722
9794527523463
9790199594732
9789574702350
9780468592569
9797678699780
9787883684275
9790098502791
9781867020585
9796498023898
9793401291771
9795531472600
9786790634472
9799974073226
9783989517394
9783406579950
9799325021845
9780512455871
9793470068380
9791279046172
9790861126728
9789321202485
9790247810494
9797496182464
9791720320189
9786788975747
9790508816395
9794772094022
9780456577462
9780023810183
9786346125966
9792697959792
9793505715319
9790849716439
9794196350445
9783355515603
9785553032500
9795433052863
9788250303058
9786959418523
9794031959642
9790953378127
9787425504399
9795101164935
9783657676262
9791604633374
9787064797978
9788971885321
9791715605291
9799891443355
9788680233031
9799332637602
9783229239239
9781788854115
9793812796735
9786581168636
9789398572030
9782752511423
9797713038208
9787163391565
9780556570776
9782176460499
9781788143912
