rgb(120,132,113)
rgb(144,247,239)
rgb(244,21,227)
rgb(184,60,133)
rgb(114,126,171)
rgb(203,225,125)
rgb(186,77,122)
rgb(93,160,78)
rgb(179,200,128)
rgb(138,37,107)
rgb(80,123,28)
rgb(117,246,90)
rgb(248,122,51)
rgb(166,114,249)
rgb(22,83,116)
rgb(209,146,147)
rgb(155,129,91)
rgb(190,247,154)
rgb(128,138,67)
rgb(178,232,226)
rgb(166,66,251)
rgb(240,99,120)
rgb(195,141,183)
rgb(71,252,247)
rgb(195,20,247)
rgb(120,105,4)
rgb(212,163,60)
rgb(83,22,150)
rgb(90,111,93)
rgb(246,94,12)
rgb(150,142,129)
rgb(145,242,75)
rgb(141,32,224)
rgb(136,88,166)
rgb(133,99,71)
rgb(16,197,127)
rgb(251,143,44)
rgb(250,51,179)
rgb(39,226,185)
rgb(159,166,186)
rgb(233,206,166)
rgb(152,201,190)
rgb(183,15,65)
rgb(223,85,153)
rgb(182,85,185)
rgb(104,221,167)
rgb(21,153,9)
rgb(67,163,13)
rgb(51,203,125)
rgb(130,150,220)
rgb(37,94,252)
rgb(209,71,215)
rgb(153,54,210)
rgb(72,143,74)
rgb(53,212,204)
rgb(169,238,137)
rgb(97,92,202)
rgb(152,117,74)
rgb(140,7,103)
rgb(143,236,115)
rgb(110,73,237)
rgb(102,235,54)
rgb(97,252,241)
rgb(177,91,110)
rgb(45,123,102)
rgb(131,0,86)
rgb(75,253,164)
rgb(6,92,100)
rgb(164,5,61)
rgb(167,113,174)
rgb(241,230,165)
rgb(212,26,150)
rgb(253,72,81)
rgb(27,106,182)
rgb(16,150,12)
rgb(167,208,87)
rgb(190,187,139)
rgb(184,101,19)
rgb(43,182,85)
rgb(228,43,150)
rgb(16,190,34)
rgb(162,28,178)
rgb(78,254,15)
rgb(81,240,19)
rgb(229,37,206)
rgb(238,182,247)
rgb(177,180,22)
rgb(185,94,94)
rgb(132,255,185)
rgb(49,134,119)
rgb(161,96,62)
rgb(238,22,22)
rgb(181,162,208)
rgb(13,48,45)
rgb(101,13,154)
rgb(168,213,66)
rgb(104,101,174)
rgb(88,47,211)
rgb(15,199,233)
rgb(141,27,11)
rgb(162,74,204)
rgb(11,169,216)
rgb(152,112,155)
rgb(166,133,118)
rgb(175,195,207)
rgb(211,98,51)
rgb(52,94,117)
rgb(169,179,74)
rgb(139,214,76)
rgb(90,212,121)
rgb(120,52,95)
rgb(254,77,35)
rgb(132,31,237)
rgb(93,115,41)
rgb(129,225,31)
rgb(66,54,145)
rgb(53,185,241)
rgb(99,37,97)
rgb(194,76,3)
rgb(118,23,216)
rgb(98,6,210)
rgb(181,43,49)
rgb(199,3,42)
rgb(104,98,182)
rgb(95,174,77)
rgb(149,166,198)
rgb(58,103,246)
rgb(222,83,184)
rgb(92,74,34)
rgb(84,234,144)
rgb(245,15,240)
rgb(28,232,187)
rgb(93,144,131)
rgb(243,211,220)
rgb(68,136,187)
rgb(101,59,130)
rgb(250,190,71)
rgb(85,163,122)
rgb(187,24,230)
rgb(182,237,168)
rgb(152,178,145)
rgb(19,126,165)
rgb(45,26,157)
rgb(25,206,187)
rgb(1,220,86)
rgb(92,78,9)
rgb(143,6,37)
rgb(15,233,71)
rgb(12,20,201)
rgb(134,110,201)
rgb(80,103,246)
rgb(151,159,128)
rgb(154,140,138)
rgb(255,91,123)
rgb(123,94,72)
rgb(24,104,2)
rgb(43,114,253)
rgb(10,19,101)
rgb(104,136,190)
rgb(142,170,255)
rgb(170,62,173)
rgb(152,109,117)
rgb(157,100,86)
rgb(145,180,13)
rgb(116,166,117)
rgb(70,148,164)
rgb(158,48,115)
rgb(144,219,2)
rgb(92,6,91)
rgb(221,71,135)
rgb(3,109,113)
rgb(165,158,174)
rgb(55,190,101)
rgb(195,191,199)
rgb(228,27,203)
rgb(218,175,66)
rgb(177,21,166)
rgb(66,224,220)
rgb(99,200,93)
rgb(92,23,120)
rgb(143,124,141)
rgb(65,222,144)
rgb(190,60,8)
rgb(202,141,29)
rgb(76,45,169)
rgb(91,32,211)
rgb(38,19,3)
rgb(56,234,124)
rgb(64,255,74)
rgb(217,39,26)
rgb(18,156,179)
rgb(166,83,94)
rgb(242,199,34)
rgb(42,243,232)
rgb(15,38,12)
rgb(197,93,20)
rgb(206,99,48)
rgb(181,144,232)
rgb(228,222,11)
rgb(208,235,69)
rgb(108,29,187)
rgb(222,188,185)
rgb(63,162,115)
rgb(182,197,2)
rgb(50,204,180)
rgb(156,184,180)
rgb(197,32,171)
rgb(175,226,207)
rgb(197,180,183)
rgb(108,171,187)
rgb(171,239,108)
rgb(144,90,94)
rgb(234,139,105)
rgb(202,119,174)
rgb(35,38,147)
rgb(178,56,7)
rgb(196,29,63)
rgb(163,69,140)
rgb(63,77,85)
rgb(252,151,250)
rgb(38,92,60)
rgb(23,228,245)
rgb(169,128,7)
rgb(182,17,206)
rgb(137,182,7)
rgb(132,214,22)
rgb(181,163,134)
rgb(218,157,137)
rgb(66,28,57)
rgb(168,37,18)
rgb(80,215,177)
rgb(61,205,48)
rgb(61,136,196)
rgb(32,187,215)
rgb(235,254,38)
rgb(84,167,1)
rgb(92,7,86)
rgb(124,231,205)
rgb(44,159,30)
rgb(210,244,41)
rgb(88,32,129)
rgb(196,0,88)
rgb(165,47,109)
rgb(0,240,231)
rgb(10,79,251)
rgb(3,63,15)
rgb(242,221,214)
rgb(244,192,237)
rgb(171,199,78)
rgb(74,205,168)
rgb(170,25,253)
rgb(31,74,79)
rgb(148,199,39)
rgb(110,130,228)
rgb(215,179,141)
rgb(136,10,74)
rgb(127,99,150)
rgb(116,169,219)
rgb(250,222,168)
rgb(38,124,201)
rgb(186,12,234)
rgb(12,212,159)
rgb(151,130,50)
rgb(20,183,107)
rgb(190,48,43)
rgb(242,138,39)
rgb(66,152,179)
rgb(242,206,91)
rgb(13,99,13)
rgb(189,21,105)
rgb(149,200,234)
rgb(98,177,216)
rgb(110,83,112)
rgb(179,39,196)
rgb(104,174,16)
rgb(4,49,210)
rgb(81,196,18)
rgb(236,148,191)
rgb(17,199,35)
rgb(84,218,52)
rgb(180,211,186)
rgb(221,150,136)
rgb(31,193,137)
rgb(39,109,38)
rgb(205,57,0)
rgb(215,17,144)
rgb(211,67,137)
rgb(201,123,27)
rgb(18,221,91)
rgb(170,51,83)
rgb(123,93,135)
rgb(147,168,72)
rgb(79,17,200)
rgb(251,216,128)
rgb(121,17,29)
rgb(40,102,45)
rgb(194,82,56)
rgb(125,80,195)
rgb(48,52,169)
rgb(71,111,51)
rgb(47,71,199)
rgb(153,43,5)
rgb(155,120,57)
rgb(92,145,46)
rgb(138,128,126)
rgb(58,132,116)
rgb(1,7,90)
rgb(124,234,129)
rgb(249,86,189)
rgb(32,167,111)
rgb(153,100,34)
rgb(63,172,136)
rgb(107,222,99)
rgb(157,228,79)
rgb(64,233,182)
rgb(18,61,205)
rgb(126,4,95)
rgb(118,119,29)
rgb(220,166,23)
rgb(179,21,14)
rgb(201,147,120)
rgb(47,149,105)
rgb(8,16,39)
rgb(50,165,165)
rgb(25,37,24)
rgb(123,138,78)
rgb(89,252,171)
rgb(116,63,202)
rgb(91,221,233)
rgb(106,220,44)
rgb(156,112,225)
rgb(253,113,67)
rgb(101,145,135)
rgb(233,18,30)
rgb(242,249,173)
rgb(189,64,135)
rgb(94,51,79)
rgb(162,5,60)
rgb(44,22,162)
rgb(117,24,157)
rgb(68,36,192)
rgb(29,252,94)
rgb(19,155,6)
rgb(81,206,128)
rgb(159,240,11)
rgb(125,77,79)
rgb(132,105,151)
rgb(181,186,208)
rgb(164,150,19)
rgb(214,12,57)
rgb(97,85,26)
rgb(157,93,77)
rgb(126,186,220)
rgb(84,17,35)
rgb(42,19,131)
rgb(92,133,193)
rgb(6,220,57)
rgb(143,45,57)
rgb(26,68,231)
rgb(83,125,84)
rgb(77,252,150)
rgb(237,181,94)
rgb(23,170,147)
rgb(97,111,109)
rgb(173,213,108)
rgb(164,48,95)
rgb(233,10,33)
rgb(159,16,123)
rgb(203,62,170)
rgb(51,42,1)
rgb(207,117,127)
rgb(130,199,96)
rgb(113,201,68)
rgb(70,143,48)
rgb(175,111,49)
rgb(194,67,172)
rgb(34,75,206)
rgb(29,5,171)
rgb(179,17,123)
rgb(14,186,98)
rgb(7,153,73)
rgb(220,153,241)
rgb(168,189,255)
rgb(137,217,97)
rgb(127,67,133)
rgb(181,46,24)
rgb(36,146,192)
rgb(234,110,180)
rgb(110,43,230)
rgb(140,144,116)
rgb(6,212,165)
rgb(135,204,45)
rgb(49,202,240)
rgb(200,6,166)
rgb(6,105,220)
rgb(243,95,79)
rgb(97,254,22)
rgb(84,86,89)
rgb(127,45,133)
rgb(23,95,229)
rgb(169,72,229)
rgb(232,104,46)
rgb(74,59,211)
rgb(86,112,45)
rgb(21,87,162)
rgb(159,47,190)
rgb(222,72,129)
rgb(232,52,185)
rgb(169,20,32)
rgb(185,106,91)
rgb(34,13,238)
rgb(76,135,164)
rgb(252,232,166)
rgb(129,227,235)
rgb(180,20,71)
rgb(33,41,249)
rgb(22,95,33)
rgb(229,13,173)
rgb(71,45,162)
rgb(58,217,41)
rgb(122,115,84)
rgb(118,181,56)
rgb(183,236,80)
rgb(207,223,246)
rgb(241,148,136)
rgb(90,27,115)
rgb(94,207,133)
rgb(27,167,16)
rgb(62,255,73)
rgb(104,19,99)
rgb(62,121,8)
rgb(131,37,7)
rgb(100,138,57)
rgb(201,153,154)
rgb(16,52,24)
rgb(125,106,128)
rgb(79,153,138)
rgb(136,159,242)
rgb(58,221,11)
rgb(1,241,114)
rgb(125,4,11)
rgb(139,116,45)
rgb(239,33,148)
rgb(40,211,30)
rgb(108,236,157)
rgb(231,167,221)
rgb(251,72,170)
rgb(147,136,60)
rgb(65,147,13)
rgb(203,127,184)
rgb(35,78,211)
rgb(20,185,138)
rgb(138,252,186)
rgb(53,66,224)
rgb(168,222,51)
rgb(72,145,63)
rgb(35,125,144)
rgb(81,59,75)
rgb(44,150,224)
rgb(37,225,64)
rgb(195,91,77)
rgb(115,41,124)
rgb(73,30,161)
rgb(2,129,219)
rgb(226,2,145)
rgb(52,69,193)
rgb(232,62,133)
rgb(19,81,2)
rgb(69,2,90)
rgb(250,250,202)
rgb(181,171,117)
rgb(45,231,248)
rgb(44,15,5)
rgb(63,122,46)
rgb(176,229,111)
rgb(194,192,88)
rgb(80,124,210)
rgb(20,153,166)
rgb(42,123,25)
rgb(207,214,35)
rgb(150,89,78)
rgb(180,86,132)
rgb(193,227,217)
rgb(45,141,140)
rgb(31,139,113)
rgb(36,194,5)
rgb(253,218,174)
rgb(131,204,208)
rgb(135,76,112)
rgb(3,23,2)
rgb(149,19,197)
rgb(8,242,242)
rgb(44,38,0)
rgb(136,50,11)
rgb(13,217,125)
rgb(185,63,111)
rgb(218,216,0)
rgb(74,81,182)
rgb(221,5,71)
rgb(227,173,182)
