1317 2260 0853 9799
6614 2015 7780 8273
2232 3635 8399 3373
9252 9171 5511 3600
3129 0713 0072 6258
3469 7641 1441 1026
8431 1585 8859 8870
0903 7166 4883 6976
7711 9796 6403 1725
0736 9713 4448 6539
4952 4682 0226 7325
9876 9242 3558 3782
6689 6145 1405 9441
6734 3378 3673 5297
5196 3713 0399 8901
8604 5749 0454 3523
4019 7314 6987 0115
0024 2563 2305 9060
4905 6442 4376 4400
4040 2803 2316 1771
9648 1885 4105 1915
1639 9410 4126 1233
3365 2329 7881 2059
7157 5469 7921 9735
3526 3383 6866 3463
4810 6696 4875 5770
1024 9084 1341 7409
3510 1789 5146 0004
6656 9649 3571 3353
1850 2182 0966 1809
8656 5224 9966 2910
7922 1489 2669 7797
4425 0935 2733 7084
4614 6032 2607 2357
4883 7775 1089 0434
6527 1332 4286 2542
5318 3726 0259 4206
8804 9955 0759 4269
9513 2247 2213 4709
0914 7509 3422 0853
5055 6621 3006 1951
4080 7249 0881 5207
4576 8701 1315 6358
4943 0285 6670 4712
1427 8077 5115 4574
6209 3810 0315 5223
3680 3459 6153 0207
3511 0821 5873 6548
9160 4218 3462 4165
1212 8360 0958 8417
1813 0729 3708 9084
4493 2017 4285 3922
3360 7291 2892 0238
3277 3184 9539 5018
0373 8508 8042 2119
6310 1337 4126 1236
5135 5958 7037 6118
8965 0336 6573 9626
2675 2229 0593 5772
3164 8048 3184 3187
3216 5005 5349 3997
9337 5379 0112 1869
6990 1769 4510 4812
6849 8382 9289 9841
2967 4940 4886 7948
6247 2426 0984 3411
7899 7865 4023 1296
3436 0483 3748 3178
5216 2723 6848 9153
8310 4717 0912 9963
5239 7490 6695 3052
5424 2656 5426 2294
5921 1567 4444 6662
7677 5531 6732 7154
1114 7245 6519 7026
5442 7974 1136 3860
6104 9698 9991 3618
0557 4721 9423 1863
9835 0254 7759 2090
6659 2095 6856 7759
6856 5862 6471 4402
0238 1876 5725 3643
5203 2599 2434 2250
7634 0632 4387 6665
8110 7204 5553 8760
6838 1528 5025 7573
2792 6934 1565 7997
8520 7362 6099 1556
2642 2906 3650 9163
0090 4591 5514 6638
1687 7945 8548 4781
9150 0403 2916 6765
2217 0771 9694 2326
9243 6896 8006 8872
8963 1025 5045 3083
8810 7927 1107 8848
0895 9062 8514 9698
8580 3163 2565 9541
8052 7668 3011 6958
9521 8108 0889 7212
5245 3197 1106 4150
5310 1473 5598 6095
4605 7497 3725 4416
2752 3479 4595 3476
5174 0713 4459 4094
5281 8033 8546 3670
3196 5594 2051 3457
2457 2991 7525 0872
5078 9425 7560 6620
0181 8137 2508 9632
0836 7024 0378 3332
7781 4371 3825 8599
6973 3746 7812 6196
2752 9377 5017 0746
3501 7093 8361 5344
4709 4301 0899 8116
2797 4225 2485 8048
3824 5222 8299 3104
9065 1720 2584 2824
7519 3614 9779 9158
3887 4302 8435 1738
9329 4369 9654 9676
9959 1146 6581 3910
7078 8900 4390 1554
6450 7008 2078 4495
0889 6907 5143 1059
7719 3000 5001 7554
1982 3736 2144 0088
0586 3963 8534 8121
0574 8878 7887 4516
0325 8845 3406 6491
3436 1735 9019 6226
9313 9446 5727 7840
7021 8010 1868 4238
8166 6834 8823 9856
8319 9150 5741 8482
9861 0579 2956 8395
6390 8259 2846 2156
6126 3159 2009 6406
6087 6145 9344 6229
5806 5407 7015 1104
8955 9786 9172 4337
2574 8500 1881 6848
3386 1227 6014 1895
1175 0670 5138 5118
1212 1596 1257 9861
9793 2431 3907 1910
5970 8596 9049 3064
3829 2848 9075 0774
5809 4952 8520 3804
7356 9140 1041 5540
4182 3924 2263 0234
3414 9437 6037 7863
8955 6248 6850 0109
1145 8509 1190 3313
8817 1896 8386 6750
6436 0310 7452 2734
2236 1247 0468 2003
6295 4886 4173 5887
4457 5824 1395 2810
2305 5101 3533 9596
9464 7243 9898 5852
7983 3698 5595 1736
2109 1278 3611 2257
5302 4190 3877 5820
7888 0298 8080 3962
2005 1901 2789 7780
0703 6474 6161 7663
1811 5983 3113 1181
0929 7063 7544 4487
6473 8780 3752 1710
8118 7244 9912 1886
3951 1789 0957 9160
6069 3529 9292 8290
8396 4802 6017 2420
0267 0705 2940 1124
4100 9474 3335 2224
4887 4507 0814 0165
9633 1095 8063 4978
3210 5639 1586 1844
7857 8105 2112 0085
6680 3204 5160 4674
7015 3288 1118 7087
9009 9503 2797 1139
9480 6227 1210 4608
5225 2261 5221 9886
0691 6040 5968 2447
2772 8400 7139 7244
8131 8644 4320 9740
5651 9993 1838 4944
0398 8450 8689 5902
2477 5018 3390 5011
1367 3051 6280 1238
3055 0550 8418 5114
2892 9611 8563 8935
7451 7653 7176 8035
3682 8883 7387 3592
1464 7550 8137 3726
5696 9599 7574 7108
7212 2773 3374 7658
7197 8321 2724 0481
5868 3800 8926 5978
4803 8825 9457 8624
2139 1098 6378 4842
6904 6946 8769 7639
2027 2411 2608 3362
8806 3242 7233 0042
0321 1251 7526 5358
1573 9521 5984 1772
3500 5004 4682 9159
4228 6232 6797 4497
8736 9445 2551 0962
9586 4125 7784 6016
9064 3632 6829 3313
8471 2022 3051 7126
8719 2971 0203 6368
5625 4788 7292 4128
5554 1675 2540 7040
6685 9122 9673 5851
0009 8558 5308 5906
0488 6696 8620 2187
8316 9130 6015 9503
5245 1177 5266 0574
9772 8622 8940 4573
5442 8053 7254 7336
6946 1492 8092 9228
8756 7950 2947 4075
2569 0624 5325 2328
2355 5538 4265 7053
0450 3776 4519 7106
8947 7448 0664 8957
0436 3552 8685 6883
4762 2709 3952 7953
3571 2796 1400 5864
1487 5576 1514 5149
3041 5511 0839 2526
0272 0753 8464 7880
4328 2966 1600 5988
4861 7278 1908 7291
9082 1167 0355 4775
4353 6759 9833 1913
1922 1377 8166 8416
1559 7147 2951 8929
0329 5121 1337 2657
5396 6010 2612 0757
5686 1147 1145 6513
9858 1429 3350 1492
5884 0391 4647 2706
5851 3193 7809 9716
8155 5041 4111 3695
7199 5925 0815 1210
8258 6264 1727 4637
5189 1275 1017 2300
4398 4667 7983 7360
1475 4679 3279 5913
7105 7067 9506 0126
7203 8053 7652 6670
5111 3652 3887 0726
8429 2047 8080 7416
9689 5811 2325 1601
3226 4099 0474 1698
5493 8375 5137 8892
4557 2824 4163 0997
3140 0315 2857 2944
2431 1645 5693 2093
5041 8234 7538 4140
2124 9713 1646 8103
4765 8478 1044 1127
8429 5420 5128 6068
4614 1927 5624 0959
8536 8582 5662 5917
9513 1420 9937 9551
5792 6481 7265 1684
2593 5740 7417 4529
4114 5796 8306 1625
8954 4879 2476 4546
8423 9654 7436 7741
7499 1594 7864 2209
5150 0954 5432 6690
7912 3039 3600 6563
4059 1740 6509 9298
1627 5134 1904 6992
9247 6355 6349 8231
8306 4671 8781 6379
9120 2452 7533 4440
1928 6084 2670 0586
5503 3945 2285 3582
1102 2377 9275 8077
9207 2065 7034 9445
4439 8350 4882 5323
0322 1969 5148 9497
4953 6147 0903 5200
4057 6137 8859 2136
7611 9178 8576 0385
2589 2627 8276 3675
5161 9761 4173 8135
0454 9556 1777 5458
2140 6896 9006 8789
5592 4949 8842 6563
0819 6038 2610 0747
7870 5837 7545 0524
5779 3214 0938 5588
4938 8610 3521 7605
5084 0188 6634 4027
5627 4667 8485 5185
7079 6007 7800 0025
1858 6994 3992 5045
7606 9434 5956 2851
5146 4627 3358 3609
3946 6298 3893 4514
9192 1998 5286 5425
1115 7718 0252 6752
8604 4814 1533 3877
5193 2093 1305 4782
9776 6570 3569 9248
6621 4175 1481 8803
3934 9257 0956 3692
1043 6054 9621 4618
8796 7974 3552 4394
7630 9350 0660 8788
4062 7852 0846 5179
5836 9778 8699 1141
7531 9685 0592 6636
9939 5280 1502 3240
3628 0491 4816 2623
7288 8651 7312 8289
5357 0875 3253 3564
7276 8386 8947 1694
5065 5581 8873 4758
1138 4130 6521 0493
0912 9129 9372 4693
9165 6198 1949 0342
5519 6214 3185 2694
6571 1335 7778 1293
9981 5381 3687 3793
0138 0328 3377 8940
6639 3369 6084 0063
9652 5206 9888 1525
1021 9041 5026 3298
7454 0185 8178 5391
2415 0873 4278 5939
7441 4991 0199 0489
5041 9537 8850 4587
7235 5619 2653 9562
5041 0670 5481 3812
0788 4787 4766 9911
0412 8117 4636 5783
6950 3918 9039 7941
4173 0032 0460 4248
0296 9831 4717 9202
7669 2668 1231 6850
1006 2229 7195 6962
4067 8486 3456 1344
9932 1944 9441 3774
8716 1053 1451 0818
9778 0582 7624 3081
1635 4356 3171 7634
6090 6329 4591 5115
4062 3143 2637 3837
5469 3892 4061 3440
6276 0043 5187 5789
4337 3608 6182 8154
5282 9352 0753 3051
9272 3967 8828 9052
3319 3539 6875 0474
7759 6186 5454 4799
1051 4802 1977 1149
0059 1696 3406 2582
4731 3150 5801 9343
3195 4141 8470 5297
4998 2103 1538 5493
5051 8100 7724 6734
6406 8409 5499 0404
8407 4338 5220 6130
0318 7888 1602 3623
2320 8314 2309 8673
2311 0853 6710 9199
2097 8269 2187 2103
8717 4267 1640 9064
1775 6075 6189 6519
7990 5038 8932 2066
1972 7318 3180 1025
5399 7225 1605 6521
9208 5403 9033 7153
2747 3696 7297 0407
0630 1288 2146 9669
7012 8068 2875 4337
5519 8931 5331 4513
8892 0410 0982 0397
3878 4033 3556 9108
0795 3321 2589 4093
4947 8106 7318 7840
8369 1552 7596 6389
3057 7550 7398 4423
7755 0401 7733 4072
0516 9733 5763 1024
3002 0595 0020 7450
8797 7823 7868 9421
2646 4381 1112 5003
2516 9292 0213 3810
4387 1177 9282 1135
1566 8642 5841 7079
9866 7362 7409 5906
0177 4993 3792 2154
1683 3223 0294 5200
7113 5311 8653 8197
4235 3827 8814 8067
7531 0620 4606 7413
2552 1252 1956 3959
7984 8804 0292 4272
8287 0071 4524 6369
4524 8505 7754 6417
9037 7906 2267 4587
9821 9751 0644 1039
7696 8343 1290 6673
9283 4241 9122 7841
2799 3306 6178 1830
6592 8353 0215 9342
7517 1277 3408 9689
2274 1145 1349 7779
0897 1113 8197 1847
2776 5128 4373 2600
1730 5125 9076 3231
0109 9320 6790 6235
5978 9020 3520 8873
9736 8412 2973 2619
8608 0531 8133 5739
0316 5417 2717 0319
1981 5575 3883 3445
9518 3205 8660 5044
8922 9346 7031 7334
1686 8302 4823 6731
5147 3311 9324 4760
3147 4529 5947 7118
4864 0905 6709 7417
8661 1919 6934 4932
0278 9100 4512 9878
2945 0465 1502 0004
8295 7162 8246 9687
5926 4978 3432 3218
5908 2630 7640 5790
3551 3226 1935 1203
3389 2314 0530 3361
8743 1453 8815 5238
4994 0952 2495 9336
0259 9614 7502 4501
3962 5247 0116 9494
3016 8788 0365 9469
8636 5560 3554 0884
5923 5831 8018 7830
0829 5840 7734 2169
6870 0352 7250 5635
4258 5921 3599 5253
8784 1187 6263 7189
8788 1626 1902 0865
1839 8357 3900 5645
0695 3444 2299 9985
7633 2127 9907 6262
2266 3533 7118 7892
7516 8385 6495 2149
7241 6137 2464 6512
1072 0680 0756 7692
3979 2408 0561 2139
6614 7716 2657 3564
3226 8555 9008 2306
5100 7274 2062 6782
1818 8555 0522 3237
2275 5334 7676 3915
5380 2354 1531 3572
6738 1610 2869 5645
0544 2707 4410 4505
5148 5117 9367 4167
1549 7168 1001 6683
7375 5263 9202 6254
4909 3160 2880 5374
0716 6632 2211 7785
6289 0481 0432 9562
4086 9823 3967 6757
6658 1627 0506 2544
8398 2672 3237 3542
1694 2584 0723 1807
8703 6154 2022 1644
5734 4064 9877 8452
6666 3669 8299 3761
0085 3753 6698 3935
8730 2757 0367 4001
0789 2210 6186 6280
7788 2926 4439 6677
6786 6254 8049 3371
1203 2053 1059 6094
3960 4339 3485 5196
6325 9878 6682 4548
2216 5345 7473 5111
4846 0168 5927 6214
9643 0743 9647 2437
0290 4864 8971 6299
4034 2085 8635 8879
3100 1599 8046 8462
4509 1572 4579 2380
7961 8661 7134 8249
