2268
5743
5006
5476
3184
6796
9401
4423
8224
7274
6938
1031
4080
1930
3470
8932
7277
6458
3897
2432
8900
3291
9720
4155
2328
9519
1665
5947
1416
1436
6343
6262
2860
1353
8565
6859
7548
9365
4489
6858
5610
7652
3514
6070
9203
5037
5926
6582
2171
7973
1313
5646
3126
8158
4351
5976
2961
4724
4771
9294
6944
5866
9846
4350
9120
9694
6571
2068
5689
1345
9082
6074
8985
6947
7086
9730
9350
7250
5854
5005
4630
3108
5973
2307
4016
7288
3708
8024
4003
9329
7798
6174
1772
8687
9075
8296
8821
5215
7373
8529
9389
3387
6105
6637
4688
5034
2004
7541
7265
7869
1909
1066
7107
7513
8237
9663
9934
2343
6411
5412
2557
3485
7850
1474
2299
2763
6542
5606
4693
9659
2799
4288
2385
8847
1690
7453
6081
6970
1751
2168
2487
8082
4535
9573
7066
8361
4637
9177
8796
6574
5739
6206
7618
4376
1460
8136
6264
7557
7887
8598
8317
2251
2148
6417
5896
3900
4531
2036
2652
4339
1155
6118
1357
3914
3475
9781
7545
1785
8411
1106
8408
5692
7406
1781
4471
5248
5799
3122
7716
9678
8523
4213
5816
2501
6183
5439
5874
6200
1792
8561
1410
3304
7617
7960
6170
5916
7758
6818
7356
5622
7984
7666
5528
9171
2874
2748
3668
6533
8826
2292
4560
3414
3719
1638
9907
5989
9137
3260
7186
3248
1334
9763
6614
2930
9280
8869
6053
9371
1915
2280
6619
8263
5506
2662
2642
3081
5634
9599
7197
2937
2126
2632
1273
1931
6068
5225
9834
6792
4588
5933
9964
3715
2694
8630
3366
2253
1399
5808
4804
8867
7867
5334
2250
7762
1490
3121
9557
6641
3857
7955
4202
1423
9223
3901
6550
6464
8380
7514
6656
3602
7702
2464
3651
6622
2714
9854
7160
9680
3690
7697
9697
5827
9466
7977
5822
3276
3553
9510
8988
2355
2802
1538
2411
1094
8573
6376
2612
2548
8539
8718
4629
1001
2665
3447
5733
6557
8735
3678
5383
9440
1569
2209
2002
1131
6650
4082
6062
8331
8227
7077
7125
7670
9593
4137
6416
7291
1974
6765
1010
1728
2968
4129
4128
9518
9627
3127
1825
7878
1572
5473
9554
5604
1849
4416
4932
2706
9839
1356
9891
1332
4834
8243
5139
2388
3034
9085
8838
8160
8693
2841
6410
5699
8522
1545
5685
8092
4941
1265
2934
6932
8819
6038
6989
2900
4930
4743
1189
5435
3010
6403
1991
6377
8056
4532
1504
6231
5002
5339
1497
3632
9448
9290
9796
9172
7198
6836
9637
9819
9265
5995
1503
5181
5523
7408
1297
3995
3919
8671
9931
7653
1246
2261
4207
4250
7639
8066
7845
4402
7181
1368
4692
5289
3112
2419
8979
3518
6367
5142
2349
1683
1801
4719
2450
6335
9560
9690
5356
1389
9207
9472
2030
6421
9843
9858
4723
2796
7078
1468
7742
4607
5963
5417
5453
1043
8751
2120
7770
7143
9747
8139
7607
8025
4596
8130
1430
3883
6207
9195
9007
6657
2011
2688
9063
5336
7522
2584
9091
5436
9118
8527
