9
77
58
24
88
52
97
17
7
32
65
73
27
55
97
17
58
33
69
96
31
83
58
48
32
82
25
66
50
98
27
21
43
37
62
80
31
83
98
19
95
74
8
87
13
4
66
72
46
49
55
60
71
15
39
15
22
28
61
15
99
22
68
50
11
96
10
39
41
78
68
33
97
72
84
91
22
77
4
48
41
31
92
53
94
63
10
62
69
19
79
47
12
50
26
41
98
61
35
67
97
28
52
69
88
6
26
28
81
99
13
45
67
76
26
99
24
73
33
82
88
81
38
73
92
98
52
46
79
15
80
82
53
30
88
82
52
41
1
60
2
56
39
21
65
94
37
84
85
56
33
79
79
98
25
68
88
31
40
51
67
43
74
2
13
71
32
27
67
89
1
33
3
20
10
91
61
27
45
23
50
98
41
6
46
22
48
5
54
11
51
6
90
20
7
22
31
56
1
89
48
85
90
26
48
37
43
60
25
69
65
17
32
32
16
65
20
0
46
80
58
32
38
79
6
48
66
94
25
10
40
17
62
10
80
36
38
3
0
85
67
23
18
9
21
44
23
67
42
29
74
96
71
43
88
66
56
85
75
95
35
48
78
82
2
52
72
1
35
55
96
6
25
84
82
67
83
26
26
44
75
13
25
55
89
65
40
73
71
87
80
93
18
34
12
93
51
3
58
18
28
39
84
91
49
57
75
41
62
91
66
72
45
27
63
96
56
5
63
65
16
34
82
17
5
28
63
70
98
88
76
43
64
69
11
71
77
24
35
48
51
61
8
76
21
95
82
1
77
8
11
34
11
79
41
91
98
29
82
46
20
66
12
11
60
73
25
16
44
28
90
30
26
47
80
69
34
45
52
31
49
45
54
82
56
53
62
17
27
10
52
33
97
2
99
38
79
94
77
11
23
63
83
62
16
68
27
25
67
67
3
17
19
45
72
62
2
66
89
95
53
78
11
46
94
25
62
59
37
85
69
30
99
6
8
63
5
76
54
30
21
28
23
89
17
33
96
38
37
76
74
32
62
19
37
60
73
38
24
85
10
20
53
62
23
77
59
19
51
87
94
97
75
37
22
57
12
13
72
31
9
71
60
61
31
93
49
55
74
27
41
35
16
4
34
13
44
96
12
40
