0.07
0.7
0.63
0.86
0.39
0.5
0.39
0.53
0.93
0.04
0.37
0.88
0.12
0.65
0.81
0
0.94
0.08
0.09
0.39
0.38
0.1
0.51
0.46
0.72
0.92
0.02
0.88
0.12
0.62
0.9
0.81
0.72
0.58
0.05
0.7
0.07
0.02
0.98
0.28
0.59
0.15
0.36
0.85
0.54
0.96
0.13
0.54
0.57
0.37
0.34
0.91
0.12
0.1
0.05
0.25
0.04
0.24
0.69
0.44
0.97
0.36
0.75
0.28
0.2
0.85
0.96
0.44
0.67
0.81
0.57
0.89
0.92
0.67
0.45
0.49
0.76
0.13
0.52
0.38
0.12
0
0.61
0.91
0.08
0.21
0.57
0.76
0.9
0.91
0.1
0.89
0.91
0.34
0.12
0.4
0.66
0.86
0.02
0.4
0.41
0.32
0.54
0.36
0.36
0.18
0.78
0.66
0.81
0.13
0.32
0.1
0.33
0.4
0.04
0.75
0.86
0.94
0.94
0.91
0.3
0.24
0.79
0.31
0.35
0.67
0.97
0.34
0.45
0.74
0.42
0.83
0.01
0.18
0.76
0.82
0.09
0.1
0.45
0.96
0.34
0.31
0.55
0.01
0.95
0.5
0.59
0.97
0.03
0.76
0.4
0.69
0.89
0.01
0.72
0.87
0.46
0.27
0.53
0.91
0.22
0.21
0.4
0.06
0.19
0.24
0.3
0.45
0.18
0.08
0.02
0.28
0.24
0.02
0.38
0.44
0.82
0.23
0.46
0.36
0.88
0.46
0.81
0.27
0.62
0.36
0.56
0.84
0.89
0.1
0.66
0.59
0.14
0.8
0.34
0.6
0.96
0.29
0.86
0.66
0.86
0.8
0.64
0.68
0.31
0.96
0.08
0.76
0.16
0.85
0.33
0.14
0.74
0.55
0.17
0.86
0.15
0.97
0.92
0.17
0.28
0.64
0.47
0.51
0.98
0.06
0.64
0.24
0.89
0.19
0.75
0.17
0.47
0.8
0.47
0.79
0.1
0.22
0.24
0.89
0.55
0.83
0.81
0.83
0.28
0.66
0.71
0.87
0.65
0.01
0.39
0.07
0.26
0.34
0.6
0.35
0.13
0.3
0.6
0.24
0.69
0.49
0.66
0.16
0.73
0.67
0.08
0.83
0.03
0.83
0.85
0.71
0.49
0.46
0.17
0.45
0.87
0.41
0.86
0.24
0.2
0
0.63
0.48
0
0.88
0.88
0.06
0.65
0.01
0.06
0.27
0.24
0.5
0.27
0.87
0.72
0.8
0.59
0.66
0.84
0.85
0.74
0.12
0.66
0.67
0.61
0.81
0.93
0.15
0.26
0.2
0.09
0.47
0.89
0.11
0.36
0.58
0.36
0.37
0.72
0.62
0.13
0.62
0.35
0.08
0.8
0.7
0.1
0.18
0.88
0.52
0.94
0.49
0.44
0.61
0.42
0.25
0.45
0.18
0.45
0.4
0.82
0.63
0.91
0.39
0.81
0.92
0.66
0.11
0.69
0.62
0.42
0.07
0.91
0.6
0.75
0.88
0.46
0.57
0.07
0.6
0.68
0.33
0.68
0.64
0.19
0.31
0.08
0.55
0.74
0.72
0.22
0.84
0.33
0.06
0.16
0.58
0.26
0.15
0.97
0.24
0.98
0.68
0.71
0.97
0.03
0.28
0.03
0.66
0.74
0.24
0.52
0.31
0.58
0.22
0.73
0.41
0.39
0.49
0.06
0.26
0.45
0.9
0.68
0.03
0.49
0.09
0.12
0.3
0.88
0.97
0.4
0.56
0.51
0.71
0.7
0.95
0.68
0.9
0.25
0.8
0.08
0.29
0.23
0.06
0.04
0.37
0.61
0.56
0.12
0.54
0.98
0.4
0.74
0.37
0.36
0.93
0.98
0.32
0.44
0.4
0.43
0.7
0.88
0.65
0.05
0.28
0.66
0.47
0.21
0.53
0.35
0.44
0.92
0.26
0.24
0.56
0.12
0.49
0.66
0.78
0.92
0.47
0.88
0.02
0.58
0.04
0.4
0.74
0.2
0.22
0.14
0.86
0.64
0.89
0.84
0.1
0.4
0.45
0.85
0.45
0.33
0.06
0.72
0.49
0.99
0.53
0.51
0.38
0.7
0.91
0.22
0.3
0.72
0.94
0.13
0.68
0.34
0.98
