985
756
507
964
309
412
817
382
331
921
630
213
775
358
848
763
862
669
613
472
941
588
278
886
211
855
771
772
469
209
496
831
608
755
434
263
191
876
456
381
889
599
878
259
295
674
675
557
616
764
995
668
742
728
896
976
919
658
251
994
286
114
145
974
686
502
230
122
208
388
536
277
492
577
284
319
322
783
559
927
628
462
574
354
463
511
854
934
158
824
188
500
373
397
961
957
142
356
672
199
377
720
652
890
850
930
586
415
509
186
160
359
343
144
187
429
523
614
217
484
351
399
801
747
958
724
183
766
695
770
962
861
455
765
454
730
906
570
141
784
402
969
270
609
989
498
241
348
439
792
154
425
837
228
318
167
758
357
624
750
448
683
518
282
185
171
544
336
657
260
803
821
292
839
643
584
902
223
301
795
768
535
407
611
911
474
943
383
938
594
899
885
891
340
520
779
662
754
988
944
267
895
136
868
372
952
198
510
879
222
131
467
809
901
480
533
874
528
506
165
418
714
151
805
111
212
440
389
268
294
452
457
688
531
335
317
197
560
973
379
342
892
404
173
396
406
321
843
529
612
673
255
112
665
132
118
739
578
924
180
810
959
626
470
128
258
684
311
711
306
897
645
468
705
804
215
786
519
640
660
680
604
828
834
970
806
814
253
893
942
501
554
390
955
740
646
236
395
757
446
525
137
433
816
600
103
697
587
956
929
323
229
685
441
696
450
349
547
451
345
252
581
491
489
436
459
515
413
254
601
427
320
444
847
206
860
328
951
617
503
946
833
632
610
818
870
115
476
654
738
782
271
169
780
925
249
992
478
485
797
550
798
499
235
990
262
517
100
734
736
537
290
905
153
812
606
655
539
977
460
152
859
709
398
140
200
495
346
203
315
243
481
573
442
644
347
591
172
221
569
545
341
618
123
975
376
417
405
823
245
723
426
922
466
722
972
220
516
410
146
367
281
937
339
419
678
965
170
760
104
769
513
592
595
939
980
933
733
308
826
350
731
246
275
996
715
551
542
966
125
583
620
447
234
428
693
950
667
540
240
524
917
900
912
408
984
549
479
391
129
700
998
325
631
701
735
327
368
362
945
497
375
394
304
514
987
174
102
639
687
986
716
968
276
431
239
741
238
788
692
