(0161) 347 8854
(0117) 900 9463
(0113) 134 9519
(0121) 633 8335
(0121) 209 0754
(0131) 550 7943
(0131) 198 2504
(0113) 835 8613
(0131) 429 5329
(0121) 268 3610
(0121) 877 9751
(0121) 460 2576
(0121) 150 4487
(0121) 835 5008
(0121) 369 9458
(0121) 289 6967
(0161) 954 7602
(0113) 648 1434
(0121) 022 6812
(0117) 761 5426
(0131) 966 7165
(0131) 537 7516
(0131) 804 1808
(0161) 181 3777
(0117) 696 3454
(0131) 149 4953
(0131) 978 8680
(0161) 234 3977
(0131) 318 8012
(0117) 186 6866
(0121) 128 6551
(0161) 455 5010
(0131) 589 1081
(0113) 587 3433
(0121) 830 1653
(0117) 058 7632
(0161) 133 3582
(0131) 522 0974
(0121) 335 0858
(0117) 964 2105
(0121) 185 3181
(0117) 372 1800
(0131) 042 6951
(0121) 411 5307
(0131) 511 4713
(0113) 353 5633
(0117) 472 7139
(0161) 278 1672
(0131) 404 2331
(0113) 168 4217
(0131) 955 4688
(0113) 744 5018
(0113) 661 5662
(0121) 455 5582
(0113) 562 5897
(0117) 117 2520
(0117) 957 0202
(0121) 279 7676
(0121) 256 8675
(0117) 969 9348
(0117) 420 1973
(0113) 823 1315
(0113) 249 9297
(0117) 852 3309
(0131) 496 6781
(0161) 973 1375
(0121) 831 9599
(0113) 533 0544
(0121) 057 2714
(0121) 654 0120
(0131) 932 0691
(0121) 568 1762
(0161) 641 4214
(0113) 482 5381
(0131) 865 5357
(0113) 261 9613
(0121) 048 0468
(0117) 022 7728
(0113) 232 9712
(0117) 577 4323
(0117) 852 0453
(0117) 214 9237
(0131) 115 5400
(0117) 315 6166
(0113) 839 2200
(0121) 008 1354
(0161) 385 0944
(0131) 886 5773
(0121) 213 4334
(0161) 317 8448
(0161) 031 2242
(0121) 054 8908
(0161) 074 1649
(0113) 924 2695
(0121) 011 6011
(0117) 159 7368
(0131) 899 4455
(0161) 025 1605
(0161) 504 0719
(0117) 724 6272
(0113) 659 1697
(0117) 202 2249
(0121) 022 3952
(0113) 265 2423
(0131) 786 7315
(0131) 706 8555
(0131) 725 7965
(0113) 996 6439
(0161) 589 2244
(0161) 396 7925
(0131) 720 3690
(0131) 229 0811
(0113) 361 0718
(0113) 683 0302
(0113) 326 0178
(0117) 519 8964
(0161) 081 1397
(0117) 271 9304
(0131) 961 5018
(0121) 197 4459
(0131) 788 0601
(0131) 007 6054
(0117) 260 6138
(0113) 083 9290
(0161) 403 5889
(0113) 918 6897
(0117) 362 8828
(0113) 119 8949
(0161) 722 5576
(0117) 958 1320
(0121) 140 2731
(0113) 106 0332
(0121) 771 2720
(0113) 621 1880
(0117) 407 5943
(0131) 025 9524
(0117) 635 1184
(0131) 469 0815
(0113) 475 0543
(0117) 056 4469
(0113) 315 6473
(0121) 134 6929
(0161) 283 7122
(0161) 902 0863
(0121) 180 4719
(0121) 718 1199
(0117) 822 9283
(0131) 348 4986
(0113) 617 0458
(0161) 195 3753
(0131) 175 4488
(0131) 663 8498
(0113) 602 9146
(0117) 586 5523
(0161) 991 6736
(0131) 921 6924
(0121) 391 6530
(0131) 274 7277
(0131) 497 8249
(0117) 548 6320
(0113) 267 6507
(0131) 400 8956
(0113) 153 1327
(0117) 938 2172
(0121) 262 7767
(0161) 075 7460
(0131) 412 4117
(0161) 746 9114
(0117) 616 1683
(0113) 415 3267
(0121) 342 8962
(0161) 537 1370
(0121) 742 9807
(0121) 931 7331
(0131) 994 4439
(0117) 806 6788
(0121) 239 6782
(0131) 559 4008
(0121) 637 6195
(0117) 186 0937
(0113) 312 7787
(0131) 025 5268
(0131) 974 7240
(0121) 050 4963
(0161) 897 0759
(0161) 988 7611
(0161) 269 6200
(0131) 387 9039
(0131) 415 6663
(0161) 463 9662
(0117) 979 1815
(0117) 811 8845
(0113) 323 1820
(0131) 959 6231
(0113) 141 8157
(0113) 147 9473
(0113) 168 0828
(0121) 993 9399
(0161) 912 9443
(0121) 209 4915
(0113) 314 5086
(0117) 172 8247
(0161) 546 8656
(0121) 895 2441
(0113) 548 5846
(0131) 909 3037
(0131) 486 8800
(0121) 177 1205
(0161) 122 0232
(0117) 694 9389
(0121) 776 9843
(0117) 151 1455
(0117) 806 8878
(0121) 875 0841
(0121) 979 2409
(0113) 081 6979
(0131) 060 5752
(0161) 434 7005
(0161) 258 7768
(0113) 205 6493
(0117) 806 9151
(0113) 404 5295
(0113) 395 9645
(0131) 144 1846
(0117) 069 1632
(0131) 612 1017
(0161) 000 1499
(0161) 985 3508
(0161) 764 1148
(0161) 243 1162
(0161) 100 3064
(0113) 566 7826
(0113) 590 4472
(0131) 471 2546
(0117) 301 5942
(0161) 946 2984
(0117) 393 9731
(0121) 948 7819
(0131) 032 3358
(0131) 649 8661
(0131) 361 5387
(0121) 447 5103
(0113) 544 9716
(0117) 270 0379
(0117) 767 0321
(0131) 905 0981
(0121) 112 7921
(0131) 627 6113
(0117) 744 4140
(0131) 805 9234
(0117) 948 7098
(0161) 846 0110
(0121) 111 5267
(0131) 510 5079
(0121) 885 1981
(0113) 040 3784
(0131) 755 5822
(0113) 882 9463
(0113) 530 8257
(0161) 779 1715
(0117) 423 2323
(0131) 690 6309
(0161) 832 4693
(0161) 821 7186
(0113) 019 2599
(0131) 159 9908
(0113) 164 1946
(0117) 281 5040
(0161) 226 7937
(0117) 477 6490
(0117) 562 6068
(0131) 518 1752
(0131) 281 5165
(0117) 190 1982
(0131) 195 5101
(0113) 270 8038
(0117) 896 1800
(0113) 186 4066
(0121) 351 0935
(0161) 826 8745
(0161) 984 4254
(0131) 255 2243
(0131) 986 3867
(0113) 647 5982
(0121) 893 0429
(0113) 382 3538
(0121) 100 4795
(0113) 654 3618
(0131) 621 8251
(0161) 793 0886
(0113) 885 6720
(0131) 406 6807
(0161) 670 9146
(0121) 030 7357
(0161) 085 9881
(0117) 807 6641
(0113) 137 4333
(0113) 704 6653
(0121) 962 0250
(0131) 530 4384
(0121) 082 5935
(0117) 582 5880
(0121) 130 0383
(0161) 275 5461
(0131) 002 5069
(0131) 911 8957
(0117) 194 4640
(0161) 423 1001
(0117) 646 5007
(0121) 973 1589
(0117) 027 4014
(0131) 779 0067
(0161) 939 8282
(0113) 914 3271
(0161) 372 7176
(0121) 414 4927
(0131) 972 1328
(0121) 042 4733
(0117) 093 2789
(0131) 948 2308
(0117) 045 5663
(0121) 019 8685
(0121) 661 6482
(0117) 074 8171
(0161) 281 8377
(0121) 038 8039
(0117) 022 4428
(0117) 585 0717
(0121) 926 5807
(0117) 870 3999
(0131) 241 0481
(0113) 555 5864
(0121) 299 4304
(0117) 193 0479
(0131) 124 6981
(0131) 678 1947
(0121) 858 6606
(0121) 420 3559
(0161) 863 6073
(0131) 426 2913
(0117) 910 5856
(0161) 217 1191
(0113) 414 2684
(0131) 973 8270
(0117) 292 8487
(0121) 141 9800
(0161) 337 7379
(0121) 674 6178
(0161) 169 4377
(0121) 854 8638
(0117) 937 5208
(0161) 875 2011
(0121) 106 0519
(0161) 392 8592
(0117) 407 7687
(0131) 225 0174
(0161) 066 7487
(0113) 190 0186
(0161) 813 8498
(0161) 726 3490
(0131) 526 4857
(0131) 016 2305
(0161) 247 4140
(0161) 982 6022
(0113) 595 5388
(0131) 797 8348
(0131) 049 5098
(0131) 653 8461
(0121) 892 0224
(0131) 316 3839
(0161) 216 4564
(0121) 470 1224
(0113) 167 1429
(0131) 503 6309
(0131) 049 4782
(0121) 436 5029
(0117) 328 7367
(0121) 225 6044
(0117) 153 1500
(0121) 398 4274
(0117) 063 7328
(0131) 364 0060
(0121) 140 4693
(0121) 254 1171
(0113) 114 5919
(0121) 524 1037
(0131) 357 6597
(0121) 576 3792
(0121) 943 3311
(0121) 497 5415
(0161) 059 9724
(0131) 402 7563
(0113) 017 1652
(0161) 530 0571
(0161) 769 2873
(0113) 884 2861
(0131) 950 9669
(0131) 636 3812
(0161) 906 0103
(0113) 735 5680
(0117) 183 6323
(0113) 837 2057
(0161) 526 3413
(0113) 623 0336
(0161) 355 1558
(0131) 515 9916
(0113) 555 9862
(0131) 814 6723
(0113) 668 9479
(0121) 292 0069
(0113) 763 9785
(0161) 705 2583
(0161) 484 4100
(0121) 495 4430
(0121) 624 0973
(0117) 262 0292
(0131) 029 2069
(0113) 997 5605
(0161) 442 4955
(0113) 416 6860
(0121) 119 9038
(0121) 355 1972
(0161) 659 8040
(0161) 504 7229
(0161) 663 2887
(0131) 846 7723
(0117) 379 0434
(0117) 241 7103
(0131) 406 2061
(0131) 722 6015
(0113) 624 2232
(0113) 169 3811
(0117) 732 6318
(0113) 868 4093
(0113) 989 0178
(0161) 269 7479
(0113) 653 5955
(0117) 266 7743
(0161) 588 4903
(0161) 231 5750
(0113) 491 6083
(0113) 517 1454
(0121) 739 1888
(0131) 149 5145
(0117) 390 2131
(0113) 875 4352
(0121) 260 7313
(0117) 666 0128
(0121) 411 2035
(0121) 388 8715
(0131) 688 6953
(0113) 196 7109
(0121) 798 5589
(0113) 313 3467
(0131) 688 0209
(0113) 236 3927
(0131) 464 4187
(0117) 002 5642
(0113) 460 4738
(0117) 701 8596
(0113) 909 1902
(0117) 725 1989
(0121) 175 2964
(0121) 495 7494
(0131) 053 9344
(0161) 122 2367
(0161) 119 4705
(0131) 715 0939
(0131) 544 5718
(0113) 299 4959
(0113) 601 8998
(0117) 913 7946
(0113) 818 4161
(0117) 809 0238
(0117) 861 9986
(0131) 791 7908
(0161) 050 6744
(0117) 855 0515
(0121) 008 6576
(0117) 407 4170
(0161) 375 7013
(0131) 531 4961
(0117) 779 9211
(0113) 793 3338
(0117) 867 6286
(0117) 014 7743
(0131) 661 7114
(0161) 337 6800
(0113) 385 2778
(0161) 424 1728
(0161) 828 9172
(0161) 628 3116
(0121) 256 0541
(0117) 102 6338
(0131) 113 5288
(0117) 782 3229
(0131) 417 9868
(0131) 425 5016
(0131) 730 6909
(0131) 917 6756
